32  3  0  0
   1    -9.074211  2.9626070000000002  24.779540000000001
   2    -9.074211  -3.5411700000000002  0
   3    10.06466  -3.5411700000000002  0
   4    10.06466  -3.5411700000000002  24.779540000000001
   5    -9.074211  -3.5411700000000002  24.779540000000001
   6    -9.074211  2.9626070000000002  16.934349999999998
   7    10.06466  -3.5411700000000002  16.934349999999998
   8    10.06466  -3.5411700000000002  7.4974809999999996
   9    10.06466  2.9626070000000002  7.4974809999999996
  10    10.06466  2.9626070000000002  16.934349999999998
  11    -4.3855089999999999  2.9626070000000002  16.934349999999998
  12    -9.074211  -3.5411700000000002  7.4974809999999996
  13    -4.3855089999999999  -3.5411700000000002  0
  14    5.550719  -3.5411700000000002  24.779540000000001
  15    -4.3855089999999999  2.9626070000000002  24.779540000000001
  16    -4.3855089999999999  -3.5411700000000002  24.779540000000001
  17    5.550719  -3.5411700000000002  0
  18    -9.074211  2.9626070000000002  0
  19    -9.074211  2.9626070000000002  7.4974809999999996
  20    5.550719  2.9626070000000002  16.934349999999998
  21    -4.3855089999999999  -3.5411700000000002  7.4974809999999996
  22    -9.074211  -3.5411700000000002  16.934349999999998
  23    -4.3855089999999999  2.9626070000000002  7.4974809999999996
  24    5.550719  2.9626070000000002  0
  25    -4.3855089999999999  2.9626070000000002  0
  26    -4.3855089999999999  -3.5411700000000002  16.934349999999998
  27    5.550719  -3.5411700000000002  16.934349999999998
  28    10.06466  2.9626070000000002  0
  29    10.06466  2.9626070000000002  24.779540000000001
  30    5.550719  2.9626070000000002  24.779540000000001
  31    5.550719  -3.5411700000000002  7.4974809999999996
  32    5.550719  2.9626070000000002  7.4974809999999996
# Generated by tetgen64 -pq Cover.stl 
