54  4  0
    1      20     7    32     9
    2      11    26    27    14
    3      23    13     2    25
    4      18    23     2    25
    5      23    21    32    11
    6       1    11    16    26
    7      31    32     8     3
    8      10     4    29    30
    9       4    30    20    14
   10      21    13    23    32
   11      17    32    31     3
   12      10     7    20     9
   13       7    20    32    31
   14       6    21    11    26
   15      21    23     6    11
   16       7     4    10    20
   17      10     4    30    20
   18      11    16    26    14
   19      12    21    23     6
   20      12    23    19     6
   21      13    32    17    24
   22      21    13    32    31
   23      32    13    17    31
   24      23    19    18     2
   25      23    12    19     2
   26      21    12    23     2
   27      13    21    23     2
   28       7    32     9     8
   29      15     1    11    16
   30       1    16     5    26
   31      32    21    31    11
   32      20    32    31    11
   33       7     4    20    27
   34       6    12    26    22
   35       1     6    26    22
   36       5     1    26    22
   37       4    20    27    14
   38       7    20    31    27
   39       1     6    11    26
   40      31    20    11    27
   41      12    21     6    26
   42      20    30    11    14
   43      20    11    27    14
   44      21    11    26    27
   45      21    31    11    27
   46      28     9    24     3
   47      30    15    11    14
   48      11    15    16    14
   49      23    13    25    24
   50      13    23    32    24
   51      32     7    31     8
   52      32    17    24     3
   53      32     9     8     3
   54       9    32    24     3
# Generated by tetgen64 -pq Cover.stl 
